1.000000000000000000e+00 1.000000000000000000e+00 1.000000000000000000e+00 1.000000000000000000e+00 1.000000000000000000e+00 1.000000000000000000e+00 1.000000000000000000e+00 1.000000000000000000e+00 1.000000000000000000e+00 1.000000000000000000e+00 9.998980177066778552e-01 9.960385217436816818e-01 9.876275042351477795e-01 9.774947471766438634e-01 9.694417495593784517e-01 9.639825820879716067e-01 9.610046430224635783e-01 9.604878081433887438e-01 9.610359988916057361e-01 9.600547182427945359e-01 9.570505569109388766e-01 9.531402251800625836e-01 9.499406310056129898e-01 9.485599844510286260e-01 9.490755563531624306e-01 9.508037003190643599e-01 9.528774859558003518e-01 9.546485883436621744e-01 9.558476025660571640e-01 9.565790950669362802e-01 9.571668866108140605e-01 9.578968468853044094e-01 9.588434736858930663e-01 9.599098565527222071e-01 9.609746236201521796e-01 9.620051519757945035e-01 9.630661311198448482e-01 9.642316588955663903e-01 9.654808403466669242e-01 9.666736071628455607e-01 9.676011192339437628e-01 9.681639294136593632e-01 9.685229512976170074e-01 9.691181864669808910e-01 9.705180332812910482e-01 9.730826843072765131e-01 9.765656769168884477e-01 9.799477970901590007e-01 9.817955044329043091e-01 9.809924865888769441e-01 9.773015652167452716e-01 9.715361546385384850e-01 9.652992359540875089e-01 9.603249058926658366e-01 9.576248420798521011e-01 9.571242772076932193e-01 9.584635018341182144e-01 9.608819392816938532e-01 9.577544778741229337e-01 9.395645228702909080e-01 9.026219022534003322e-01 8.387743890159649052e-01 7.438428947243392875e-01 6.233098487884126682e-01 4.962080728461173984e-01 3.712074448007570693e-01 2.562140772950459167e-01 1.605584402900608332e-01 8.863152969437976259e-02 3.882680305885283234e-02 1.031681195106506216e-02 3.152718756243435921e-04 5.742591791529733675e-10 1.275257353299951467e-17 3.104431237194246380e-27 5.823285143600221685e-39 2.360471741689076633e-53 6.515450329418080693e-71 6.115402872062165256e-92 1.113275448508225739e-116 3.357791095082712319e-145 3.035193726196583388e-177 2.902092268738493596e-215 3.089293234835621672e-262 3.458459520888725809e-323 0.000000000000000000e+00 0.000000000000000000e+00 0.000000000000000000e+00 0.000000000000000000e+00 0.000000000000000000e+00
9.901556550670023160e-01 9.889556097335647777e-01 9.903676844297516491e-01 9.912073122557762961e-01 9.915860924152074540e-01 9.916680224327567572e-01 9.920269014858722478e-01 9.945439913287497102e-01 9.976965654575676856e-01 9.977282918821941404e-01 9.903845503241597292e-01 9.764481501034361077e-01 9.558277786416360389e-01 9.331612438340149973e-01 9.136355109372286121e-01 9.016311730266411972e-01 8.954062722102154037e-01 8.920626279498909961e-01 8.902275372328517511e-01 8.884011646648511951e-01 8.850034273887350533e-01 8.804965958146143690e-01 8.764345109889417618e-01 8.742144100399988904e-01 8.742809530709653165e-01 8.760998295864101948e-01 8.787194796470932934e-01 8.813178605250073794e-01 8.834434691091805902e-01 8.850277664964869562e-01 8.862820266782887035e-01 8.875108832804255998e-01 8.889077205946176452e-01 8.904853565551708039e-01 8.921714441790752348e-01 8.939232566360305610e-01 8.957461770976294924e-01 8.976292784009878289e-01 8.994907550646286110e-01 9.011682222580000845e-01 9.025185453549033898e-01 9.035758689100610308e-01 9.046393139533944749e-01 9.062486390445535500e-01 9.089597082409213158e-01 9.129181162080689527e-01 9.174917875408887813e-01 9.213507810379089058e-01 9.229812851639190852e-01 9.213390705322426211e-01 9.163204874419142998e-01 9.088704282891350017e-01 9.007378201837200615e-01 8.938880483477686933e-01 8.900248411336088017e-01 8.912683508648000519e-01 8.981061261205124380e-01 9.082852686607567616e-01 9.157547669365945220e-01 9.112966607821115783e-01 8.895691743936694484e-01 8.463553086729413977e-01 7.816146515386721561e-01 6.887693530550382803e-01 5.756786085366117911e-01 4.563896539670896368e-01 3.419468556473921894e-01 2.395201612291845694e-01 1.552147786724399070e-01 8.940291989392726291e-02 4.154695509934155234e-02 1.192335183958552827e-02 1.602805013335957887e-03 1.464708359758778971e-09 1.015895024521312235e-17 5.414568776399550184e-28 1.598187801548269588e-40 1.836323655421873210e-55 6.838575111651537418e-73 5.302419410769894089e-93 3.560180562935610637e-116 5.537290025842473430e-143 2.494627822933232303e-174 9.203301152659520186e-212 5.405877796224801208e-258 4.545300187953841545e-318 0.000000000000000000e+00 0.000000000000000000e+00 0.000000000000000000e+00 0.000000000000000000e+00
9.441920438219227885e-01 9.411915433992211755e-01 9.419357500047648157e-01 9.441158826166342610e-01 9.468327804094072153e-01 9.503706389620285577e-01 9.570742437904870004e-01 9.663011274267047090e-01 9.762266334379613442e-01 9.812336721258857475e-01 9.728687578846123563e-01 9.484741085721438703e-01 9.144058659242458864e-01 8.772049153810617117e-01 8.421667991266054143e-01 8.150539472338461655e-01 7.999522128967794243e-01 7.938810127297194486e-01 7.901393636688860411e-01 7.874767100063569947e-01 7.836822456441766560e-01 7.787515793248019902e-01 7.741351770800436460e-01 7.713364197115644139e-01 7.710600606338121610e-01 7.729289423149182658e-01 7.759424855626304574e-01 7.791331588829542021e-01 7.819172969207136559e-01 7.841248598748580267e-01 7.858935293178587189e-01 7.875198304251570525e-01 7.892693103131771526e-01 7.912355623209623712e-01 7.933868152355126879e-01 7.956730527326624225e-01 7.980546140161977053e-01 8.004635007830560589e-01 8.027823296509317696e-01 8.048298566956638700e-01 8.065200470994484672e-01 8.079722024472357766e-01 8.095817099667521610e-01 8.119581844493996003e-01 8.156320454364802686e-01 8.205744626712480061e-01 8.258973478918218980e-01 8.300871765513534450e-01 8.315866549616828252e-01 8.293521973320069351e-01 8.233450714697616579e-01 8.147038355720822578e-01 8.060785497747016137e-01 8.026510638092885230e-01 8.061230452026756366e-01 8.158687301828597693e-01 8.319168105566918658e-01 8.524111723701958132e-01 8.708795216274187734e-01 8.767062309599986669e-01 8.674269687215112601e-01 8.421589114158670730e-01 7.997745724053235694e-01 7.385880381283835838e-01 6.556177080557552550e-01 5.515847192861194070e-01 4.396275924996745355e-01 3.328463488724187069e-01 2.380406110965159472e-01 1.570243799369370752e-01 9.209981564458405434e-02 4.397507342051506368e-02 1.473071227940533218e-02 2.960358386314819717e-03 2.481377424129995392e-09 1.432297928304962778e-17 8.175036977721561078e-28 4.019408517432755594e-40 1.242282908533264158e-54 1.328268466342246123e-71 2.300560107302769333e-91 3.066614655535500429e-114 1.048640824054840696e-140 1.352995618982907152e-171 1.890071677633975403e-208 5.168685484292207845e-254 2.343632556994199218e-313 0.000000000000000000e+00 0.000000000000000000e+00 0.000000000000000000e+00
8.627056337365663907e-01 8.591499443069752218e-01 8.591190133854867961e-01 8.613916817342036625e-01 8.677446037207343643e-01 8.765870633743533258e-01 8.910870009536885350e-01 9.115027381287931219e-01 9.327398879446787694e-01 9.452498404733633564e-01 9.405778207333902463e-01 9.145769696451432340e-01 8.697252441196029471e-01 8.151493195707428807e-01 7.625942502014138036e-01 7.173189641852719678e-01 6.849725703666802445e-01 6.686730720125020344e-01 6.627756994507614241e-01 6.588447745988381676e-01 6.542679776424517035e-01 6.488616944604949088e-01 6.438960857012092642e-01 6.408157040786515157e-01 6.403735097148273159e-01 6.422991286212368367e-01 6.455942645182526363e-01 6.491855725427552182e-01 6.523985226997487397e-01 6.550336120120096028e-01 6.572191823246494868e-01 6.592334824131698134e-01 6.613387232034766416e-01 6.636585978683967602e-01 6.661880675651908890e-01 6.688756855592697947e-01 6.716629414757403493e-01 6.744686803342196946e-01 6.771591453900974722e-01 6.795634869398735622e-01 6.816109819977963502e-01 6.834545336895878620e-01 6.855381569567905453e-01 6.884959100944471055e-01 6.928180811909395720e-01 6.983753994287759115e-01 7.041984716204964245e-01 7.087070422355279398e-01 7.102329251565628887e-01 7.076442917242350417e-01 7.016898582544991436e-01 6.974423194527259451e-01 6.980645102669186253e-01 7.056462464112348565e-01 7.200270893131424099e-01 7.420457848432628900e-01 7.687057106436685494e-01 7.947268172825738830e-01 8.162949280671109031e-01 8.294255314270588819e-01 8.298051304956554075e-01 8.187524466108271337e-01 7.975482714053840905e-01 7.617484779089715996e-01 7.090258062649997806e-01 6.369461292290358179e-01 5.462803127657754887e-01 4.414172801713368566e-01 3.376387794676923848e-01 2.429657994105400287e-01 1.612034741498544754e-01 9.506394730716341557e-02 4.670698047104987483e-02 1.693577600937970495e-02 3.162108731564495460e-03 2.950494976773958045e-09 2.107836039263187877e-17 2.019037033640449571e-27 2.020102659728148778e-39 1.273188584667259809e-53 2.576265595282545239e-70 8.245053935370793754e-90 2.254151565048469028e-112 2.053865026473179334e-138 9.096630603360633190e-169 5.103077711126059376e-205 5.689053539121745456e-250 2.161184120535892807e-308 0.000000000000000000e+00 0.000000000000000000e+00
7.454682827168912507e-01 7.425798143873924007e-01 7.420650613266899231e-01 7.437252773330111921e-01 7.524111518056905146e-01 7.681205314652453930e-01 7.939706392445576855e-01 8.289764121411565823e-01 8.652439986501875291e-01 8.909876113425903021e-01 8.963646233712057043e-01 8.744133179999442618e-01 8.242647811738288421e-01 7.536392062405502523e-01 6.791947864935765633e-01 6.143019886159989396e-01 5.631973318882259605e-01 5.293195207304827177e-01 5.120019568234893681e-01 5.039564240900935577e-01 4.986443564789526661e-01 4.926034549268582530e-01 4.872390742951320797e-01 4.840098395661318609e-01 4.836497864407398595e-01 4.858466346153102466e-01 4.894754594142001203e-01 4.933171456029301072e-01 4.966724506085460344e-01 4.994094101029331045e-01 5.017220834832483156e-01 5.039052572475124503e-01 5.062046351784998954e-01 5.087221396815464480e-01 5.114361872570291068e-01 5.142910645803769887e-01 5.172409413736960282e-01 5.202284376007506594e-01 5.231304448736149304e-01 5.257624646813544578e-01 5.280097424198825218e-01 5.299957244107856846e-01 5.321841328867014109e-01 5.352472747619306803e-01 5.397736804879800232e-01 5.456728498735891053e-01 5.519741781742215636e-01 5.570182688125717707e-01 5.591961700836625138e-01 5.606115320458832096e-01 5.646200714070692683e-01 5.724622674900137209e-01 5.868226644836725958e-01 6.089918150245738904e-01 6.386718263343357238e-01 6.742272652570697744e-01 7.089080757745689354e-01 7.368043846704759314e-01 7.541097462123391715e-01 7.650170141561549730e-01 7.721156196140183114e-01 7.724479497052438859e-01 7.665983302741067318e-01 7.541343626921979126e-01 7.319163530038854670e-01 6.939418909530375990e-01 6.351601187329785070e-01 5.542454270742288580e-01 4.537333883729417483e-01 3.496151274871817094e-01 2.519269798772161839e-01 1.669376079755529041e-01 9.921304533833794070e-02 4.954091798330674534e-02 1.777430770923777922e-02 2.910542220067150604e-03 3.626788364049324734e-09 4.007406278105050596e-17 6.721744180929229546e-27 1.190461859894213812e-38 1.295587123286268147e-52 4.670662311693131150e-69 3.117608268795866593e-88 2.325799555382434144e-110 7.709780488250457944e-136 1.420992544077981291e-165 3.387929040576976321e-201 3.532140995757449085e-245 6.169868461279994262e-301 0.000000000000000000e+00
5.894177254653760745e-01 5.881689708201415234e-01 5.877339570151477455e-01 5.903470649904669632e-01 5.999137110859569244e-01 6.231045855784859144e-01 6.610514052748392988e-01 7.129921691750231716e-01 7.696357533368544113e-01 8.154034297060150926e-01 8.380736570574492950e-01 8.282864739109184749e-01 7.802462212943084285e-01 7.010643037688197854e-01 6.095101500923049143e-01 5.247539618297979436e-01 4.536497772906648018e-01 3.991399359131240776e-01 3.630023781982477660e-01 3.422681187893669708e-01 3.329024452351586616e-01 3.277357457630802884e-01 3.229998265541902391e-01 3.200619313160159574e-01 3.196401911309096344e-01 3.214767384513597115e-01 3.246194542722541376e-01 3.280446424584324561e-01 3.311089741296318056e-01 3.336221745346944489e-01 3.357066489278264787e-01 3.376277753863655140e-01 3.396356359861386065e-01 3.418482023384362689e-01 3.442606686776461533e-01 3.468239679935608000e-01 3.494822963720063957e-01 3.521582527440900723e-01 3.547242674283808683e-01 3.570173935603443982e-01 3.589701795284478414e-01 3.607284557967243566e-01 3.627156991531346741e-01 3.655366401257502673e-01 3.696588933216374273e-01 3.749591838014749712e-01 3.805138269172492760e-01 3.860731079635283947e-01 3.953098568981725514e-01 4.102080253032830970e-01 4.319238361875517018e-01 4.590391637364997779e-01 4.935989051583151710e-01 5.352672256728615574e-01 5.816743760262420571e-01 6.302567307793771612e-01 6.672109870774396434e-01 6.869735568481526444e-01 6.922288815727630773e-01 6.879868398721094014e-01 6.872990904633083931e-01 6.914067623355315551e-01 7.004539901998277918e-01 7.121326616324769043e-01 7.208375917644632702e-01 7.203220496699759279e-01 6.967005610828140849e-01 6.476963937113106029e-01 5.721658938912801418e-01 4.738960980018784297e-01 3.664724093766197344e-01 2.627126127456948512e-01 1.747876605248676329e-01 1.041488474889138843e-01 5.155008169916222571e-02 1.803583585428865377e-02 2.951100993903357523e-03 5.555288749886978351e-09 9.516512792684042418e-17 2.543852402921862945e-26 7.279929132239311101e-38 1.370084109179663713e-51 1.033150831724811694e-67 2.001194451979033243e-86 5.829592094949011964e-108 8.541287807005912623e-133 7.235599188225745006e-162 1.879710200652277401e-196 1.530296668626274343e-237 7.505075561388736070e-289
4.105822762355925137e-01 4.118318899700949554e-01 4.127711065677978630e-01 4.160274756757507686e-01 4.267249329109513711e-01 4.549770596523222688e-01 5.035164775008182936e-01 5.718371024815971371e-01 6.527812567465365312e-01 7.242234721390728991e-01 7.703487948602997237e-01 7.829793948798549064e-01 7.532972187744795267e-01 6.809031471524625845e-01 5.827195756261872583e-01 4.812746785494546597e-01 3.899929055486755503e-01 3.157005257809864518e-01 2.595247059856034544e-01 2.208725343976513100e-01 1.966862732183687623e-01 1.872807189145672124e-01 1.832258287068915248e-01 1.807865929832492002e-01 1.805457343353452371e-01 1.821745439204573991e-01 1.848009745696793660e-01 1.875817815836542946e-01 1.900082758706004571e-01 1.919322605379050195e-01 1.934737309106886460e-01 1.948911212455826936e-01 1.964158671079879459e-01 1.981295390592111016e-01 2.000044471407186331e-01 2.019970000064072180e-01 2.040726315916469580e-01 2.061720784937442763e-01 2.081930361207760261e-01 2.099775427131663486e-01 2.114506152872500377e-01 2.127162302674225625e-01 2.141189846136640207e-01 2.161901847659964127e-01 2.193921196840055987e-01 2.237001024838302099e-01 2.308884804721375861e-01 2.449271133759882701e-01 2.704435448120330321e-01 3.051987371572540964e-01 3.479633226069750451e-01 3.974765627534196932e-01 4.537100270276458458e-01 5.145932744876179354e-01 5.766246946397211026e-01 6.271626106644920817e-01 6.550047003522073696e-01 6.580070805166066128e-01 6.426093340233332007e-01 6.144776079918377043e-01 5.863220085027974759e-01 5.753865403151339208e-01 5.888383232065306228e-01 6.217812671078370990e-01 6.594365085752700306e-01 6.943989359611466572e-01 7.106580585122725946e-01 6.988022101159108157e-01 6.575508373798222284e-01 5.864727062501500221e-01 4.905563865816272018e-01 3.786530870263409843e-01 2.717328728147344052e-01 1.805881012911763894e-01 1.069422939938714651e-01 5.261948661937205368e-02 1.861158221815685868e-02 3.215726651894716941e-03 9.539894856820382209e-09 2.432976628069377477e-16 1.006630300123408464e-25 4.866588026957242701e-37 1.877440733860754960e-50 4.025778471552850383e-66 3.070889378196182048e-84 4.051667638681212585e-105 2.639106727139834749e-129 2.306796943585296766e-157 3.718934567437726102e-189 3.869315714780887869e-226
2.526591074734762521e-01 2.553033652282821753e-01 2.563153124646419534e-01 2.582617977576058821e-01 2.691176027972282392e-01 2.984920945273809578e-01 3.525040757846579775e-01 4.305983146286141983e-01 5.255665282090474788e-01 6.227208994071922188e-01 6.972065855639570930e-01 7.369093035065832353e-01 7.355519430389874103e-01 6.885505063444203877e-01 6.023339010816385342e-01 4.941925150534438593e-01 3.870277328812630202e-01 2.936964837174300680e-01 2.185072618446128045e-01 1.592090892605774466e-01 1.160150470242242576e-01 9.061910827235065968e-02 8.232027262221894293e-02 8.057815468560247663e-02 8.062795406449227431e-02 8.198916674114632708e-02 8.394966314687844766e-02 8.589424209974293178e-02 8.748500723735092022e-02 8.867066534491507834e-02 8.960932986930734978e-02 9.052898283663449175e-02 9.157434938195911645e-02 9.275502220413824050e-02 9.401685819365222796e-02 9.532788140132349153e-02 9.669212049066654158e-02 9.810139778034303315e-02 9.949449160018618288e-02 1.007498762243763391e-01 1.017604324170677810e-01 1.025517133313578050e-01 1.033475755728715390e-01 1.045519648407847446e-01 1.065810012288356257e-01 1.125413242996806812e-01 1.290951345258680438e-01 1.605159958288174260e-01 2.061121950141713843e-01 2.628039816372901849e-01 3.289210805157399276e-01 4.011845719064413562e-01 4.774535007483560189e-01 5.510127188605733473e-01 6.151190768085353922e-01 6.517522499640343581e-01 6.559307256430082500e-01 6.335968513724958839e-01 5.896947302453712236e-01 5.343288403459711677e-01 4.800855341905809204e-01 4.488034758693084103e-01 4.499204477038316607e-01 4.860834570930608334e-01 5.491326351312069143e-01 6.151126430933012701e-01 6.696710459708159480e-01 7.003221139572762821e-01 6.987125271211372946e-01 6.635101833895667989e-01 5.964710731189268866e-01 5.008380601116799724e-01 3.867330541252729237e-01 2.773233322739927509e-01 1.834258440224984521e-01 1.087369218944713029e-01 5.399710238172410887e-02 1.960414766214841134e-02 3.502685275086811576e-03 1.695658685049932499e-08 6.484386753706164019e-16 4.433147844405618233e-25 4.197619876418676913e-36 4.235517713410347832e-49 3.302596663073442429e-64 1.090270471362977599e-81 6.222845030176533806e-102 3.594384242693068276e-125 1.187168025719119342e-150 6.265141396998238230e-179
1.306331751528763963e-01 1.336741480217219225e-01 1.338073407770656587e-01 1.330128231736208422e-01 1.410731899845207304e-01 1.700998003705305461e-01 2.226928474233995370e-01 3.016430847151492789e-01 4.041410660028948443e-01 5.171620785340476090e-01 6.163900648262765625e-01 6.872802251860317124e-01 7.173784099408391235e-01 7.031285596435586926e-01 6.461376438522565824e-01 5.562741998906524099e-01 4.439305924441735440e-01 3.355608160834853693e-01 2.411056834187633169e-01 1.611614190920036549e-01 9.749022796481775222e-02 5.310291374779559787e-02 2.893885454919484582e-02 2.242276960428580754e-02 2.250727017684797659e-02 2.352512428397567773e-02 2.474655748551359696e-02 2.578971412694108442e-02 2.649591815999449360e-02 2.692675788201077253e-02 2.727295957931416201e-02 2.770289683959928015e-02 2.826044791105090589e-02 2.888853377299091182e-02 2.951566794977405345e-02 3.012263596349090342e-02 3.074753910193485373e-02 3.143402004658588794e-02 3.216977193568740234e-02 3.287229632730193779e-02 3.341858907063805645e-02 3.375007707732828599e-02 3.396153644615535622e-02 3.431215899247599260e-02 3.806452785051693544e-02 5.465348638583896607e-02 8.839701186161029456e-02 1.397709464180847960e-01 2.065484288916895061e-01 2.860281124792165008e-01 3.747002119258535657e-01 4.654074751038950741e-01 5.508905479545208594e-01 6.169941787927964993e-01 6.602259117540100197e-01 6.752260767539024489e-01 6.536740548271255946e-01 6.014201153139913103e-01 5.290478403416984943e-01 4.475578665869483497e-01 3.728248758586554246e-01 3.256932646318356772e-01 3.146034524928729148e-01 3.416858033517910509e-01 4.049679467190350768e-01 4.929448961542066687e-01 5.830379073656050126e-01 6.523336058883881794e-01 6.925451074080526404e-01 6.986586290765054441e-01 6.695467494336354575e-01 6.042962996507424966e-01 5.073746897812526635e-01 3.915713597354759101e-01 2.807436830580218867e-01 1.858503391491903023e-01 1.110600751933398661e-01 5.582210183718102486e-02 2.061105847402432134e-02 3.695284937809084798e-03 3.113867194640575689e-08 1.895473122837863843e-15 2.387143380431682340e-24 5.274572872727929251e-35 1.707752293237687852e-47 5.403707922474152743e-62 7.390010021176507592e-79 3.245970354237752919e-98 4.787433828842704826e-119 1.781039488526179072e-141
4.851758568191860688e-02 5.094728819672285358e-02 5.029592363313165754e-02 4.877060046291198381e-02 5.212746475997930701e-02 7.553855400010439647e-02 1.220910541638860203e-01 1.935446328942721506e-01 2.915439526431073958e-01 4.074100916609655898e-01 5.258150778587131757e-01 6.241204043014738634e-01 6.890334997333503742e-01 7.120371216259733238e-01 6.923403681875045512e-01 6.350216301749440628e-01 5.462779471604042314e-01 4.332181680609535346e-01 3.214780516954455769e-01 2.216339647675747149e-01 1.385584773237082679e-01 7.560739627973724064e-02 3.305241066376185533e-02 9.924784069085796842e-03 3.067143691222773503e-03 2.686736836837732689e-03 2.971788350465574043e-03 3.151624451665824972e-03 3.210784300784925559e-03 3.216948931201479064e-03 3.242223148171769365e-03 3.316497748112935164e-03 3.428240991730360961e-03 3.547491553153550581e-03 3.649298468009063833e-03 3.729230397712809345e-03 3.805130431844971559e-03 3.903732305361453173e-03 4.037420840110808942e-03 4.185035810513023161e-03 4.300108616370134154e-03 4.347640418290454195e-03 4.326982737485132041e-03 7.767267884781717951e-03 2.410599328308739991e-02 5.842198196046611419e-02 1.113649554386847013e-01 1.819170931747104980e-01 2.698305202229827615e-01 3.687870483657748055e-01 4.726591912355566638e-01 5.668844386039525451e-01 6.360641732071168342e-01 6.788139797651174812e-01 6.940443311099189216e-01 6.799429512579346913e-01 6.317048300968306496e-01 5.540200470252758524e-01 4.577662552723524847e-01 3.542117471855820710e-01 2.701841548788103675e-01 2.148897112555337996e-01 1.944521746913326632e-01 2.134612114305127484e-01 2.699756507113645343e-01 3.589302535153906515e-01 4.621545334543790684e-01 5.638525365653108690e-01 6.427389467865474160e-01 6.896404332323484709e-01 7.018556367432668974e-01 6.747490064098977669e-01 6.090412130407500957e-01 5.116422879253318401e-01 3.954691736808590430e-01 2.842923124677584346e-01 1.891897603859162003e-01 1.138427614103969393e-01 5.771492881320675755e-02 2.153007349238253085e-02 3.854788900142157044e-03 5.949179224677236944e-08 6.285377302260604066e-15 1.645827425847983023e-23 1.030277925434166844e-33 1.281675537099428147e-45 1.646928336670998470e-59 1.523681882634403267e-75 1.148938724764423215e-92 7.599972685365421660e-111
7.357081540286768140e-03 8.224724356800102582e-03 7.165496459239203454e-03 6.548318311415531404e-03 6.844166630932793476e-03 1.994807469648795378e-02 5.448493136930022268e-02 1.132436893769152020e-01 1.963843280048306883e-01 3.032350997961168471e-01 4.233407241564832169e-01 5.430407431456181211e-01 6.385180626397438663e-01 7.000809648136495644e-01 7.207597865441398577e-01 7.029536605627092483e-01 6.460553747258607205e-01 5.553800147840037837e-01 4.387252875491723936e-01 3.242556705261270822e-01 2.228434398632594127e-01 1.409947743765984363e-01 7.927704973334093186e-02 3.645756170192501061e-02 1.161852214732478870e-02 1.874368547368442627e-03 1.995118687669829184e-08 3.398011075497736337e-14 8.728615172568517161e-17 1.598369613435961325e-16 2.949538412959847128e-16 5.466964595911611364e-16 1.006846686368812103e-15 1.822642044304838807e-15 3.229090685983037097e-15 5.623512825085936956e-15 9.731568649370951200e-15 1.687277865253285079e-14 2.962621076304823084e-14 5.362583790108381530e-14 1.207316671184766243e-13 4.787868020185927909e-08 4.490515635708075201e-03 2.233594535727888644e-02 5.795792768657075100e-02 1.128560038852742947e-01 1.858991284709975156e-01 2.762481190360372985e-01 3.816937689771647269e-01 4.913036313373493891e-01 5.880762542808276594e-01 6.596019221931923582e-01 6.996348667774008323e-01 7.093881631343930128e-01 6.895863390042075158e-01 6.426829238696103452e-01 5.694755106487462415e-01 4.739810383295849916e-01 3.675418300778132141e-01 2.643950894302669052e-01 1.797421082951829729e-01 1.220390018225335771e-01 9.771691644701389901e-02 1.104562934428610366e-01 1.607722567435106165e-01 2.387880566146182715e-01 3.354014055309764708e-01 4.449721223000254189e-01 5.535696961742726518e-01 6.384912669150402120e-01 6.913612866882246077e-01 7.042851185469964914e-01 6.780148626033930537e-01 6.128665536949058357e-01 5.160749108853948108e-01 4.001229173852429155e-01 2.887587770830991052e-01 1.930353391119035422e-01 1.168803913529672667e-01 5.977849360639200110e-02 2.264055788823497034e-02 4.136912730171763732e-03 1.167236660783422754e-07 2.385463304307641505e-14 1.610259852260196186e-22 3.823291526720033141e-32 1.978171953547666048e-43 1.410406548662283565e-56 1.321647469714746812e-70 1.769951339790971876e-85
8.284465704356882749e-13 7.343718555697462242e-13 5.662513935168550572e-13 2.450207835372373003e-11 8.813400897902297345e-07 2.845247084385726238e-03 2.061031074245877823e-02 6.060956199664997712e-02 1.241546060437114241e-01 2.097871122689229095e-01 3.156836118401028513e-01 4.352885405835413279e-01 5.546953848731366321e-01 6.481329544559580880e-01 7.086930337287672410e-01 7.297965020545589265e-01 7.105279339772642144e-01 6.521615196705390360e-01 5.609882485616271008e-01 4.455096946718929973e-01 3.332072339798156646e-01 2.341622466000886083e-01 1.531193804164777406e-01 9.059845390604691351e-02 4.556659681582554688e-02 1.745941704813858131e-02 3.849814004002165366e-03 2.544225142117081413e-07 3.933562775582852583e-12 2.301104085146688267e-17 4.156666614046237222e-23 2.508402252225893419e-29 4.600319941783345992e-31 1.517628053721427549e-30 4.811629675329042667e-30 1.487349757827661172e-29 4.591689810595681249e-29 1.563052970693690938e-28 5.770516013523352994e-21 1.424683964700117675e-13 1.790115873146362637e-07 5.005087075559635883e-03 2.499127850462557962e-02 6.243234641383295369e-02 1.190300776839342684e-01 1.940972419006066207e-01 2.872870985546807088e-01 3.946759224457286885e-01 5.067048611344794340e-01 6.034340555897739211e-01 6.725901587380732627e-01 7.095862544301606567e-01 7.143350053758000806e-01 6.863781587902554326e-01 6.305614619599609894e-01 5.516686449475867171e-01 4.557158343581578230e-01 3.575299034484126781e-01 2.624573796618686061e-01 1.762899286313416580e-01 1.052766455263097062e-01 5.631547907862288760e-02 3.363373932041858333e-02 4.213475224418847254e-02 8.141085474297575508e-02 1.424765070537082901e-01 2.233607540873073505e-01 3.235974424962473894e-01 4.367758254300972420e-01 5.503996808067657120e-01 6.386895044153358958e-01 6.928453351760075485e-01 7.065144652370525247e-01 6.814535550372319284e-01 6.174771141054403722e-01 5.215269742148076482e-01 4.055858600781029333e-01 2.939135669722593436e-01 1.974008152881592815e-01 1.203377622827018351e-01 6.222932736408243876e-02 2.408983390103004024e-02 4.592559946530497608e-03 2.498236913540852805e-07 1.250537634554920910e-13 3.347309205245537560e-21 3.413796232468448663e-30 7.164963172640495967e-41 2.516250464226157683e-52 1.557314143870646151e-64
3.312558595558000137e-24 2.109009028078005345e-24 2.567032852831048800e-24 2.465748729818388006e-19 1.445822093427905755e-11 2.058831801475415854e-05 5.286698069939727886e-03 2.599457211296060666e-02 6.785813527900107223e-02 1.319785943944830342e-01 2.167591430892649995e-01 3.204510101517588083e-01 4.376779423466246044e-01 5.561809013051695061e-01 6.494434725097555372e-01 7.088339576336376568e-01 7.288235723975897695e-01 7.093841077067271073e-01 6.530825598386187369e-01 5.661744844204772420e-01 4.576689128929227746e-01 3.497397921751236871e-01 2.517574603914261022e-01 1.696735865707730828e-01 1.044036168184267477e-01 5.556537200063793591e-02 2.301679479862223446e-02 5.089383913378214483e-03 8.076507536614937349e-06 1.153658247060751404e-09 7.479842294984804227e-14 1.794388735478659978e-18 1.133363977608462585e-23 1.307096632062710960e-29 2.968898637207713137e-36 1.905389137555833841e-36 1.427528964365540665e-27 2.321253873867548772e-19 2.246093582996257055e-12 1.162436021249613612e-06 5.030629245057185485e-03 2.654556128631647971e-02 6.634285792459809761e-02 1.250779511685916334e-01 2.018555177440722326e-01 2.973622573441087047e-01 4.066539118768178751e-01 5.192685663203121527e-01 6.139177630174350586e-01 6.797698911424316925e-01 7.121229765724859107e-01 7.106226550335353886e-01 6.739580688694362109e-01 6.091406449894559705e-01 5.217619065648576582e-01 4.219436535574835334e-01 3.246613431044839682e-01 2.380374655799528671e-01 1.629575375262320436e-01 1.001225990245551561e-01 5.232358875948837224e-02 2.111826370745905485e-02 5.213759218933746234e-03 7.739138493767356436e-03 3.064786291257510717e-02 7.237108587998419829e-02 1.339911168088597226e-01 2.167799480078019536e-01 3.200548825981899825e-01 4.357544655711930726e-01 5.503518878810041981e-01 6.397451371269982090e-01 6.949593535490826701e-01 7.097225653116503441e-01 6.858581790874777040e-01 6.229233633249072755e-01 5.277015628847380180e-01 4.117103633030833598e-01 2.995644409479383263e-01 2.021275999013479319e-01 1.240514685193264410e-01 6.481856492317898677e-02 2.552314644581949593e-02 4.941358970311730998e-03 7.879664928800003309e-07 1.695980126215651044e-12 1.864415645033827629e-19 4.906036034931523984e-28 2.130543482150445760e-37 1.962242928785071311e-47
1.983500419101596547e-33 1.182027278531015237e-33 9.833605907889337081e-35 7.213591853278616220e-28 2.548400297043688620e-18 1.299843272874487493e-10 1.285906591250434859e-04 5.516907007396377495e-03 2.772934553095676366e-02 7.001054764254180385e-02 1.334027210202399505e-01 2.163690581378089062e-01 3.183722060873952486e-01 4.335162727805976779e-01 5.505014382978932197e-01 6.420023117840247817e-01 7.002973150722566764e-01 7.209116825738776102e-01 7.055135760363852038e-01 6.568247393684868429e-01 5.780495913172073452e-01 4.776016657511778507e-01 3.722547880926378450e-01 2.730872279776418998e-01 1.876835282288697171e-01 1.179796317943041101e-01 6.576088646674178861e-02 2.894616850658942100e-02 7.173335981876585547e-03 2.339928895350062879e-04 4.062925329603185154e-07 1.732427963532442488e-10 1.620598148752272160e-14 2.542127837893966346e-19 9.435759663069545806e-25 1.093525484965089096e-24 1.449770718667761689e-17 5.374314774387455588e-11 1.324799137337671535e-05 5.134669928537639698e-03 2.705706952817089894e-02 6.856438522666410962e-02 1.297236973572530039e-01 2.089442894797486350e-01 3.065307405446925371e-01 4.179346947560550474e-01 5.319120338269516246e-01 6.246024817982628319e-01 6.869963970081841564e-01 7.133483425505188213e-01 7.043206031851095839e-01 6.616804333159304052e-01 5.876934094243858597e-01 4.905213224994508514e-01 3.867077729799304198e-01 2.905601351398524046e-01 2.076669685888516970e-01 1.384126244810955086e-01 8.427327393722111593e-02 4.360242322812125232e-02 1.699233237061499591e-02 4.143182173562876339e-03 2.925205234183032656e-05 9.655437857614842753e-05 5.509048979310733098e-03 2.765262281168043984e-02 6.976700441415054077e-02 1.329184665616488792e-01 2.159087554406573517e-01 3.194313629208577754e-01 4.356220693462533600e-01 5.510424112774794381e-01 6.413587360564994011e-01 6.976089926691618759e-01 7.134879193869787528e-01 6.907124496666218194e-01 6.286749486753515637e-01 5.341951721035691492e-01 4.182881054754551964e-01 3.054259766210366545e-01 2.068482981446400637e-01 1.275583691325899716e-01 6.707841740668761543e-02 2.657358023506636510e-02 5.087802547770821533e-03 7.147924123677932288e-06 5.696969219677299538e-11 9.790080962497395448e-18 1.839598225624515114e-25 9.711315162467507023e-34
1.207853286742218261e-44 7.168545372990096722e-45 3.348217528004912441e-46 7.157507622276300978e-39 1.866459285558129783e-27 4.968198976300850386e-18 1.979580428557316574e-10 1.685457445409371834e-04 5.470165343693589137e-03 2.755897125490426244e-02 6.969240751307974324e-02 1.324566994627418004e-01 2.137489064242421855e-01 3.125565918581440505e-01 4.243921721686960691e-01 5.382589454743949009e-01 6.278119717125657528e-01 6.874767771445040587e-01 7.133024595691245251e-01 7.059889362985024563e-01 6.661304616815695301e-01 5.963328154287518279e-01 5.033723863796348841e-01 3.971523161264387536e-01 2.962365840667957606e-01 2.086302463071804392e-01 1.355221620885673772e-01 7.895813351870895058e-02 3.831478697618308921e-02 1.369685688284051975e-02 3.278028476105083848e-03 4.070028828551069093e-05 3.238866722647597966e-08 4.914630140873357356e-12 2.253268893456931499e-16 1.645055021877922692e-15 1.169326679488312722e-09 1.681475311656029851e-04 6.117945001644781167e-03 2.838195470520578356e-02 7.019814981901960349e-02 1.322966736709758895e-01 2.139080289225416265e-01 3.138344684927491524e-01 4.273342969917477419e-01 5.428339847547779540e-01 6.344404278225931337e-01 6.945495157059379254e-01 7.170669101003196433e-01 7.022911702281328106e-01 6.520448744408794406e-01 5.710360830280157840e-01 4.670674319530069285e-01 3.592734208634171811e-01 2.620966280627777811e-01 1.805327591055293779e-01 1.147023656233566447e-01 6.588779897871939462e-02 3.164906472609401583e-02 1.056002250057833276e-02 1.707705380438985119e-03 5.484921427843721582e-06 1.508486820998054547e-09 5.899908780709585249e-11 6.387290901189413245e-05 5.254267205714880859e-03 2.726439947061052790e-02 6.935876141974452180e-02 1.326079116236132116e-01 2.155868065407749168e-01 3.191293592067935836e-01 4.356565601801969390e-01 5.518619841396380510e-01 6.427628580964451777e-01 6.997360621177088902e-01 7.166533931492315990e-01 6.950441247004582879e-01 6.340581427691798222e-01 5.405259050317036129e-01 4.245307226517056054e-01 3.109701700999928931e-01 2.110956958209990464e-01 1.305087821443169926e-01 6.937947500521203514e-02 2.807759142876259037e-02 5.973562710470329239e-03 1.215094918222790071e-04 1.271555725550045725e-09 4.375613812288400411e-16 4.968273428262269409e-23
2.622997765692164943e-60 1.556334335119223704e-60 7.109073091221835725e-62 1.293717280759696011e-52 5.546154360045457446e-39 1.408979002175365025e-27 2.923928129511407541e-18 9.061280694639518986e-11 6.730207716259769581e-05 5.256015165798856581e-03 2.722719538413416462e-02 6.861970076001028263e-02 1.291825460471461018e-01 2.071923056317389045e-01 3.019978867073169759e-01 4.095845139338827323e-01 5.192489586337097895e-01 6.099178638607934966e-01 6.750143569398171506e-01 7.092688087153092846e-01 7.109747628781059037e-01 6.802397761451869362e-01 6.180556271143079483e-01 5.313520870863783774e-01 4.250674175860127413e-01 3.224949999701068881e-01 2.327814824030339236e-01 1.567214259626562578e-01 9.638182373863660168e-02 5.310525653046453687e-02 2.465289804722874123e-02 8.535290040686186255e-03 9.072084675724351481e-04 9.064337542330258146e-07 2.074419557211861096e-10 1.742800983225002385e-08 1.260487607940000013e-03 9.647885557323524278e-03 3.325885180258655177e-02 7.516207497002280746e-02 1.364235492905001845e-01 2.183596971816710863e-01 3.193277206684748681e-01 4.333131801099976421e-01 5.495742695520740018e-01 6.413848365291443532e-01 7.002786939582401615e-01 7.204510635452373579e-01 7.029523179233491126e-01 6.474808508384070072e-01 5.604325042405811086e-01 4.504471667066682894e-01 3.407228987212195248e-01 2.418482156911431757e-01 1.601551040724775443e-01 9.638874250853110559e-02 5.072382888357934716e-02 2.111205221740279636e-02 5.545676896493202841e-03 8.670859656670835654e-05 1.890894331027706819e-07 5.228424711560182051e-11 1.941430510930809307e-15 9.618081993086945341e-19 2.132822995840797736e-11 4.248343819837121089e-05 5.160884056440130478e-03 2.710993093387569289e-02 6.916365081964900852e-02 1.323988244667714531e-01 2.153754735059665859e-01 3.189420964319129026e-01 4.353372632778008122e-01 5.516247453452236549e-01 6.430959338754559385e-01 7.010445879732781771e-01 7.190773465326993907e-01 6.989977279699578494e-01 6.392703648121308424e-01 5.466204925667002001e-01 4.300050031443791165e-01 3.164247812583154129e-01 2.163506555596144409e-01 1.352928419677656424e-01 7.368528297561027784e-02 3.186851683755006354e-02 8.897039652854175917e-03 1.249051427244187665e-03 1.117145905103742461e-08 1.270400754820025483e-14
1.816510834916372223e-64 2.176010702801869967e-64 1.621419304941954670e-64 5.594034206864707519e-65 2.662611399251331548e-53 9.575951008460059345e-40 1.663902086952725652e-28 2.923064233652904614e-19 9.190356987196250946e-12 8.130570268047332901e-06 5.079914880276246471e-03 2.650741005452180582e-02 6.563058156645194818e-02 1.226609423445335634e-01 1.965639278844667492e-01 2.866479621671811362e-01 3.899590919438141179e-01 4.969933832111850802e-01 5.928794638441017284e-01 6.661412633496175406e-01 7.091818439465705781e-01 7.195970989945866814e-01 6.942962739800822014e-01 6.401087495156518870e-01 5.579805444835912454e-01 4.547590341278129333e-01 3.525982475155976514e-01 2.622024741967809436e-01 1.845777974528963472e-01 1.212220513714707820e-01 7.212877968886215185e-02 3.665375460124425250e-02 1.307106884552686719e-02 3.086264651923580678e-03 5.238921789544974316e-06 3.539908564446293555e-03 1.525386591327643725e-02 4.162852521748312135e-02 8.539540105313374319e-02 1.473025518190238248e-01 2.277926879892087364e-01 3.269919020735796988e-01 4.388585733054172766e-01 5.536685813464629069e-01 6.446111340104788701e-01 7.030142686140967712e-01 7.221155667828788038e-01 7.029050582080436094e-01 6.451057113584657277e-01 5.547506790775702523e-01 4.406068531133217614e-01 3.284379753949820957e-01 2.281538157391791444e-01 1.464579690643250942e-01 8.421085158571464668e-02 4.031457526624489252e-02 1.397022371604577338e-02 2.579538087055595948e-03 1.282402617561168498e-06 7.383931320240173385e-10 1.734573701876175345e-13 7.404986158901726033e-18 3.983986608280897208e-23 3.067924610581223421e-28 1.364438885099291474e-19 9.478005914359559758e-12 1.850598114493982936e-05 5.088429041153146211e-03 2.700004480763525117e-02 6.903240362194314195e-02 1.322658719804767347e-01 2.152414785855681911e-01 3.179972606800430812e-01 4.337567672496811522e-01 5.502462546819025802e-01 6.428350880380822030e-01 7.022710778647258678e-01 7.218227218648881616e-01 7.031715477072063569e-01 6.444335805988790078e-01 5.528087493332318747e-01 4.371984084866840647e-01 3.239141939939705894e-01 2.241033633681655535e-01 1.428039164627430690e-01 8.032073201947581564e-02 3.802591102512242749e-02 1.308603562276277124e-02 3.087496930988900459e-03 5.031774462769887302e-08
4.662737312351904071e-41 5.888102096669614450e-41 4.737590631134580207e-41 2.205822670652116236e-41 1.209672623134698273e-41 1.824894457020240029e-41 7.746202802014357281e-41 5.628872035902616942e-30 1.022583820221023503e-20 4.068595970533596731e-13 5.690823752943109120e-07 5.004110960041823798e-03 2.443042801336327285e-02 6.008313373868696960e-02 1.130193280768651831e-01 1.825255158943807909e-01 2.683960263007224012e-01 3.689521756157030374e-01 4.765712086205484144e-01 5.797969735147265880e-01 6.588098793029425471e-01 7.069640272111602508e-01 7.231180834692242376e-01 7.058274413240578360e-01 6.563717928112771105e-01 5.794192610850471548e-01 4.839769355879505741e-01 3.895016433213740470e-01 2.973356766701937826e-01 2.146016084363975285e-01 1.436504267198244200e-01 8.584368436841936789e-02 4.207279141197784594e-02 1.490425704765304879e-02 7.135309927722642033e-03 1.904164470076882831e-02 4.900306155975215489e-02 9.642391322854762525e-02 1.615247429290344039e-01 2.429127507602538705e-01 3.411117792111436064e-01 4.504329631094944886e-01 5.593380174016642226e-01 6.460801659298577304e-01 7.020573006722430343e-01 7.208548209703293796e-01 7.005769679342538359e-01 6.414013111971934578e-01 5.496969495416554885e-01 4.341406586058337291e-01 3.205823681022507143e-01 2.201503926142859002e-01 1.381001962023680751e-01 7.595447777688943414e-02 3.336264422411552161e-02 9.433070076263821643e-03 1.144846217716133678e-03 3.690032642598569137e-08 8.600234826777609881e-13 2.304192203843282172e-17 3.241687892374862744e-22 1.271955251612126828e-27 7.659726316787019247e-34 5.764944509031978997e-40 1.104450040020176807e-29 3.734664992840815219e-20 2.841335080599928809e-12 5.458179645068869984e-06 5.045281388044120692e-03 2.693830402096749482e-02 6.896598244554545676e-02 1.319325981107998258e-01 2.140178087669032669e-01 3.158338608387568081e-01 4.313250259597294356e-01 5.488429648687089824e-01 6.427192028098812626e-01 7.038340531495840269e-01 7.249037742581593280e-01 7.066479984107497669e-01 6.500134422147731961e-01 5.606524842716399393e-01 4.470023181090291287e-01 3.335453856755797308e-01 2.326323770421631354e-01 1.507682045007176508e-01 8.870068011836768074e-02 4.464553948368041314e-02 1.634504144721885682e-02 3.076329476883983300e-03
7.060562680007798272e-21 8.850331754328009113e-21 7.270795033676763308e-21 3.879109018502215460e-21 2.260026279477351062e-21 2.503261636209499340e-21 4.055697835305233993e-21 6.189591048488190124e-21 8.506660321585471338e-21 1.120043547133440446e-20 1.385147023761469386e-14 4.789907061478161528e-08 4.339938829943269273e-03 2.065873569812747348e-02 5.250171394593655672e-02 1.013693658348131799e-01 1.671703325520011996e-01 2.504160734020117740e-01 3.500320296072144122e-01 4.580893473129145632e-01 5.641239872080340279e-01 6.461503057735337174e-01 6.972217028655387505e-01 7.156580361234760046e-01 7.018671175134578721e-01 6.593082044936587893e-01 5.948008390395990164e-01 5.118180666576982452e-01 4.166744495136169846e-01 3.221089092004272292e-01 2.328231536842799154e-01 1.519693715458894923e-01 8.578914866329064026e-02 4.163760522586058832e-02 3.024724262001147329e-02 5.225213578201055170e-02 1.029553339870208500e-01 1.727875789417865071e-01 2.584094878546414065e-01 3.592434055266352511e-01 4.671591734298448650e-01 5.703083545396585574e-01 6.502240707977460232e-01 6.992680591612330243e-01 7.148727253914407553e-01 6.933742230285060426e-01 6.340936088367421508e-01 5.425896813442359079e-01 4.267645655984970698e-01 3.135756015688855314e-01 2.143597482735987991e-01 1.337036455624215636e-01 7.172524493874547769e-02 2.962826800554298201e-02 6.933675199437491082e-03 5.625837408373722060e-04 5.515412467806186863e-09 7.509011612470831295e-15 4.898149853266768153e-21 2.228015634362815580e-27 6.192570856854988068e-34 8.303397887487841992e-41 5.202052294838995922e-48 1.328023938315264773e-47 6.071147009652397204e-42 1.778418764313366429e-30 7.763880680581414341e-21 6.466963153071059226e-13 1.380488927522900670e-06 5.028657566187625175e-03 2.691507276179637767e-02 6.857470496346308730e-02 1.306043319020009363e-01 2.117091940393652783e-01 3.133440781771920092e-01 4.290784574661227202e-01 5.472914430517425988e-01 6.423320987725963382e-01 7.038130878997708173e-01 7.256805164531514585e-01 7.089818476282551130e-01 6.552817916056318248e-01 5.681655364864657276e-01 4.561939071477671415e-01 3.428332665307067817e-01 2.408703616787813973e-01 1.610481198035120798e-01 9.845222714099241546e-02 5.104605460464134437e-02 1.745108794786055101e-02
3.091931743871867769e-03 3.729667643631059352e-03 3.016467452606799368e-03 1.717791873692284081e-03 1.063945020509484687e-03 1.016050681028593874e-03 1.294096884763393631e-03 1.579754558957042164e-03 1.751402730763913134e-03 1.809384189153590396e-03 1.777166064588606110e-03 1.683787478568643222e-03 1.562143178244386693e-03 4.430745908566542136e-03 1.740541171458638917e-02 4.567465568552753902e-02 9.145805640211197851e-02 1.552780598924927424e-01 2.378951169031713608e-01 3.331273401485559948e-01 4.392156359062041049e-01 5.435046886578019931e-01 6.212271028203083523e-01 6.711557252467905688e-01 6.917943352294599890e-01 6.846454638853055608e-01 6.528772829828970448e-01 5.961170685953689485e-01 5.183137390213130580e-01 4.215233892352172052e-01 3.212401087158487933e-01 2.254067474647201141e-01 1.417567901000401642e-01 8.977908250281282920e-02 7.939397372960692312e-02 1.096981440010241088e-01 1.770640704838645496e-01 2.680179571993450138e-01 3.748031638957713407e-01 4.853453333294591165e-01 5.842871450929909560e-01 6.584258506085742813e-01 7.003691821689144170e-01 7.081028321840083795e-01 6.823526294876942622e-01 6.219238501027113397e-01 5.305013866433303527e-01 4.172663156242764626e-01 3.061828308085017825e-01 2.082405730633415386e-01 1.293052358165495963e-01 6.890584546095590568e-02 2.782528689442437600e-02 5.744907085548596470e-03 1.912896184905364596e-04 1.006856752719080785e-09 3.777517341416784209e-16 1.712426250898134403e-23 3.834118922191151798e-31 6.854724618351020198e-31 2.272240594157038441e-30 7.222441003843868474e-30 2.209967586289122649e-29 6.540318399127593615e-29 1.878891392953487246e-28 5.257645035787158446e-28 1.448205827983615190e-27 1.484451045746564578e-21 1.484615360251390474e-13 3.737729726703769458e-07 5.024118624003158333e-03 2.663172019898557216e-02 6.736205101113919291e-02 1.286982880217744929e-01 2.097392330434037222e-01 3.114113155931862997e-01 4.268424034852787430e-01 5.447750624790275165e-01 6.388289072953288183e-01 6.995827813857065092e-01 7.228531570941262308e-01 7.092010314012020533e-01 6.571782838688637884e-01 5.722509074401581630e-01 4.637157975937873378e-01 3.505336114614014398e-01 2.527950485216410303e-01 1.751444365358543476e-01 1.133125745596502004e-01 6.250794956673146052e-02
2.439500949101616051e-02 2.459654785843488900e-02 2.184527702544358796e-02 1.884970067798336785e-02 1.607928193928773175e-02 1.460624859757481131e-02 1.479424208400802708e-02 1.579500257282060935e-02 1.679311577929632968e-02 1.729334406670599705e-02 1.726229601030080524e-02 1.686939219846809654e-02 1.633786082631709380e-02 1.591816806264694309e-02 1.772740372045726945e-02 2.817783616321624385e-02 5.477427473854597217e-02 1.002064737339791456e-01 1.631353649081349055e-01 2.410725906809051411e-01 3.319040075150453406e-01 4.282629970208082781e-01 5.196782471149076210e-01 5.923447208952504761e-01 6.427609179853551735e-01 6.693097417366135060e-01 6.731989044695498858e-01 6.481398003287039966e-01 5.944651116887188502e-01 5.154611527366181889e-01 4.187731753489999931e-01 3.131327995438676348e-01 2.229966056856233225e-01 1.717882509602991492e-01 1.633468424260127727e-01 1.989439435993525795e-01 2.757179253222564741e-01 3.821864819504397492e-01 4.968642445453310130e-01 5.937789578779915090e-01 6.654052984520554270e-01 7.042779989705384436e-01 7.049143579303455143e-01 6.718266472498365394e-01 6.071025479848173312e-01 5.153904042609241953e-01 4.044819253605806408e-01 2.965576680577500790e-01 2.019598198793836064e-01 1.245017395388361564e-01 6.572510326584006524e-02 2.640188090600342069e-02 5.201860945305700028e-03 3.517945942754821363e-05 1.191795041635630434e-10 7.432592612633703117e-16 1.282677197131513093e-15 2.273795839460573707e-15 3.982039832228485067e-15 6.861830072911736585e-15 1.162081720173491958e-14 1.935716298263565866e-14 3.177227185567107010e-14 5.145691943025815006e-14 8.217938280303329691e-14 1.290727098886128691e-13 1.989352334778312026e-13 3.022210635066388763e-13 4.625271745217529213e-13 7.964501823605867134e-13 1.277228709331971520e-07 5.009390116647853552e-03 2.575269964444321102e-02 6.596408276019194439e-02 1.274035550577891640e-01 2.086959560357347920e-01 3.086436893810587945e-01 4.220008850059451810e-01 5.377804829101878736e-01 6.293066404274733072e-01 6.906161562352591821e-01 7.161919335225186423e-01 7.043052181445428328e-01 6.524759923198361067e-01 5.680882891394585243e-01 4.644752148044690165e-01 3.644904326564087915e-01 2.782213342550590718e-01 2.070347064884014154e-01 1.454680237868301862e-01
8.058031704212723079e-02 8.062698795239517380e-02 7.737868736021581706e-02 7.284959878804983524e-02 6.813309987751448027e-02 6.555764109144360252e-02 6.477691844118688147e-02 6.572677669560611502e-02 6.722247747532314466e-02 6.825308523058387644e-02 6.841363795266870718e-02 6.789605571473310286e-02 6.713180317075785608e-02 6.661047045738779926e-02 6.680842255720811917e-02 6.918014213735761142e-02 7.919964870642087762e-02 1.060119747651362548e-01 1.496246803271575887e-01 2.071428505094918548e-01 2.769986520590766998e-01 3.542256610817522966e-01 4.342253466307034460e-01 5.133512030824511907e-01 5.861923797871211317e-01 6.395576974095494860e-01 6.721966387701632240e-01 6.778312956912359022e-01 6.512221493588156163e-01 5.942191994041692293e-01 5.124425934950375128e-01 4.138586889611010622e-01 3.291808288718460207e-01 2.803745380344276339e-01 2.753252813166500723e-01 3.142242063735301572e-01 3.948307776624715992e-01 4.988773137207216934e-01 5.932554850077830233e-01 6.626715012226424006e-01 7.002551063668471798e-01 6.991478047682776475e-01 6.622605661369000973e-01 5.925378955489054578e-01 4.981339568378020943e-01 3.890188180935768569e-01 2.840962950183891778e-01 1.934076788404554825e-01 1.191907930176540065e-01 6.230206576364696880e-02 2.454989543587017889e-02 4.992878084347272295e-03 7.800051118158731942e-05 8.408443487044369499e-05 1.013065599327265230e-04 1.241178182791499284e-04 1.507958779110913803e-04 1.801468292769177037e-04 2.113658105850573887e-04 2.438919103181918255e-04 2.774697661523620618e-04 3.122599975476386832e-04 3.487565479620632902e-04 3.873361271595673872e-04 4.274941749640978942e-04 4.672156239233135589e-04 5.032119074444059035e-04 5.324844462399955366e-04 5.549078801882260069e-04 5.754200403059469377e-04 6.043032720807015468e-04 6.528431756708978151e-04 5.363687807320407369e-03 2.568648501896622638e-02 6.618910148095288881e-02 1.273198351111051729e-01 2.067907241322647915e-01 3.029617859246389600e-01 4.124678583906685181e-01 5.241895446996975849e-01 6.149638086952695648e-01 6.752716641458635927e-01 6.974354642493135747e-01 6.829530221322089867e-01 6.329325246675506778e-01 5.582096533935436700e-01 4.760058728458859134e-01 3.941148971430737946e-01 3.218249190059038756e-01 2.586549030084864254e-01
1.770041411241861096e-01 1.763551921932490496e-01 1.729246245928623416e-01 1.678612436919583450e-01 1.620237466835256490e-01 1.586051642357519387e-01 1.568865991669737558e-01 1.576572040144654796e-01 1.594813908217578291e-01 1.609812698645910478e-01 1.613570171707645051e-01 1.607665211880268397e-01 1.598293688728552320e-01 1.592598713431564728e-01 1.597385676001648880e-01 1.617356156231805342e-01 1.657565764207499792e-01 1.765391124704351888e-01 2.019565384819041465e-01 2.394670216240249450e-01 2.879852300690694533e-01 3.430495042046844412e-01 4.039914740823540851e-01 4.715278738414611648e-01 5.422668246915443024e-01 6.080888679081928316e-01 6.633652461158807689e-01 6.952945335955583728e-01 6.952614612489056434e-01 6.621339069254199572e-01 6.013264946436276404e-01 5.232238375802952257e-01 4.500735956280564332e-01 4.073183902839190851e-01 4.061953213102495464e-01 4.438645886037101973e-01 5.166124918853718384e-01 5.977739807569236730e-01 6.603371884312528861e-01 6.939805118803775708e-01 6.926194164761754202e-01 6.548383282005861838e-01 5.825231248516673510e-01 4.843174131226676837e-01 3.785773805120043467e-01 2.766303996923837327e-01 1.894157282602919878e-01 1.189908828924753637e-01 6.534865917643511990e-02 2.935874821168299800e-02 1.107842700656869704e-02 6.783489838458854615e-03 6.776237118372575689e-03 6.828754527328308004e-03 6.928248568867774633e-03 7.064340277209468603e-03 7.227822146068032735e-03 7.410813737088162677e-03 7.607486129351464545e-03 7.814446056323351431e-03 8.030478706625715155e-03 8.255925511297057540e-03 8.491253793646244899e-03 8.734682235832083586e-03 8.979915507055413054e-03 9.215977574147929050e-03 9.431025302397139445e-03 9.620093571082462269e-03 9.794241685579321149e-03 9.983843377487210818e-03 1.022760248129850856e-02 1.054784638943444784e-02 1.093463250485086045e-02 1.561662397320642305e-02 3.659737751283730078e-02 7.696866783285867541e-02 1.359333744185404202e-01 2.115637600663350104e-01 3.028723081052986932e-01 4.066627157206650356e-01 5.105413618835750178e-01 5.959427866943546315e-01 6.507380342160519193e-01 6.714083590679247315e-01 6.607388730202169436e-01 6.251059089573339778e-01 5.757328833578894134e-01 5.125964674889663675e-01 4.486213737380397304e-01 3.912466287434899770e-01
3.115768728624745409e-01 3.101084163327641474e-01 3.061756335664745921e-01 3.007161084389869399e-01 2.949213468410769035e-01 2.909246787204657347e-01 2.893186952830040237e-01 2.898091209567252302e-01 2.916565509913244258e-01 2.933256353577544107e-01 2.938745320938062067e-01 2.933197852341652978e-01 2.923440864330185129e-01 2.918313905848899936e-01 2.926064383490402654e-01 2.952044654403821466e-01 2.996374616179420247e-01 3.053831672114808993e-01 3.163967302270883630e-01 3.357066679172669987e-01 3.647498772334292205e-01 3.998134360902988460e-01 4.404518558515477245e-01 4.902651798501139746e-01 5.463974761745681308e-01 6.078850225526546414e-01 6.706529575106238150e-01 7.171435895453627252e-01 7.359280161464178960e-01 7.251225436803589997e-01 6.900374426773115966e-01 6.351052409449390312e-01 5.795537370498132779e-01 5.476814857960812244e-01 5.478402342524959501e-01 5.783009658659117314e-01 6.324244294729700622e-01 6.821579974466763785e-01 7.103589954257704120e-01 7.077509838084407034e-01 6.723161611777308533e-01 6.015480162053146174e-01 5.021271582837806280e-01 3.983782530654131904e-01 3.022975885922716266e-01 2.181426738456579140e-01 1.512613447385242615e-01 1.014090623752956638e-01 6.857975490674493579e-02 5.153487720494522029e-02 4.765011637117361892e-02 4.745832587297910132e-02 4.742424472710191768e-02 4.751637090955818099e-02 4.770713043858276770e-02 4.797446875306036335e-02 4.830005910102912886e-02 4.866854439516016956e-02 4.906817756113862616e-02 4.949174246154775664e-02 4.993618187239811518e-02 5.040049707563562520e-02 5.088243561569997381e-02 5.137488007631992037e-02 5.186398810027596090e-02 5.233177851647116685e-02 5.276448492642588778e-02 5.316512573968380090e-02 5.356300208916571493e-02 5.400835298348453939e-02 5.454719997510767970e-02 5.519565320409931114e-02 5.594600785646101915e-02 5.680355091581395371e-02 6.238082616053681334e-02 8.371887953210269129e-02 1.217490632378107063e-01 1.762397145875672089e-01 2.462067894715359584e-01 3.307356163916263525e-01 4.206892875086639672e-01 5.093529859950187699e-01 5.893171661842170339e-01 6.429369656298256075e-01 6.663121571004565480e-01 6.668078130382530944e-01 6.513582607714651918e-01 6.223235493903981341e-01 5.790625737570157527e-01 5.368472197268534529e-01
4.766220588877277953e-01 4.749356963720233749e-01 4.691450794424971149e-01 4.627960101763340384e-01 4.575919756908332081e-01 4.544815189357722107e-01 4.531974413468176088e-01 4.538492177158263141e-01 4.558644784208678025e-01 4.576461598437863709e-01 4.582244314174652722e-01 4.575933945666927349e-01 4.564870079078752751e-01 4.558886519043174324e-01 4.567191252945757562e-01 4.595781901874674280e-01 4.644949332229674765e-01 4.708096499933345225e-01 4.772958632735140871e-01 4.851061474310074950e-01 4.978346416336056901e-01 5.153854973071488876e-01 5.374436567486337024e-01 5.680828516305657105e-01 6.077852337877241995e-01 6.558303663133019379e-01 7.106505505607301210e-01 7.633061772282233592e-01 7.933058497907838902e-01 7.982836910097798055e-01 7.810939422965630374e-01 7.477646503276905721e-01 7.107648400658770349e-01 6.895904702479741522e-01 6.882039473781079719e-01 7.061146841262343488e-01 7.336714502182638542e-01 7.525767416554774991e-01 7.481474604323703481e-01 7.147768254310986613e-01 6.514921906810065000e-01 5.582009132712032473e-01 4.570698332131157282e-01 3.659616850551768996e-01 2.885121137405084468e-01 2.254691866901336605e-01 1.788973834481240588e-01 1.496572560728598733e-01 1.353604488119156124e-01 1.311774490164049345e-01 1.306227497106134394e-01 1.303219227892473686e-01 1.302576373871998650e-01 1.303851797056230222e-01 1.306622982904771524e-01 1.310551960972004548e-01 1.315364927363727454e-01 1.320837312320607970e-01 1.326796535188643766e-01 1.333132388448008410e-01 1.339793447997723597e-01 1.346752612327476173e-01 1.353956899354212540e-01 1.361282096030334010e-01 1.368520807577643938e-01 1.375435770259821888e-01 1.381883745154739163e-01 1.387982210522584192e-01 1.394191580603067748e-01 1.401171292100651389e-01 1.409415733229994472e-01 1.419053242291293815e-01 1.430114606195037608e-01 1.442969451272043402e-01 1.458500189024733440e-01 1.525787535978007370e-01 1.718378035679164473e-01 2.050414415640336996e-01 2.535628478586076096e-01 3.133324676587804780e-01 3.787199633216665751e-01 4.547036099350872385e-01 5.388697181466565178e-01 6.149751500750008093e-01 6.667537065639650429e-01 6.968156929458146909e-01 7.110340856738870396e-01 7.116756939816279992e-01 7.007253255227596789e-01 6.833213743151790309e-01
6.457290908900038540e-01 6.400132299716221329e-01 6.349787302111028486e-01 6.305877804599696601e-01 6.278006009456614800e-01 6.259569987285815706e-01 6.243409228434588787e-01 6.248344304888419076e-01 6.266934702888325992e-01 6.283730436467535041e-01 6.289253898029241174e-01 6.283671567593567264e-01 6.273853263949235037e-01 6.268694086231472173e-01 6.276493270035008454e-01 6.302636808208527119e-01 6.347245306759000671e-01 6.404004089477466355e-01 6.461423278225899569e-01 6.506581052802711262e-01 6.531599301605298669e-01 6.577552343913888322e-01 6.662985499352347407e-01 6.818503625276337576e-01 7.051333458598016968e-01 7.379398570354618325e-01 7.786944639851464123e-01 8.196682212838483084e-01 8.501848885575189474e-01 8.650207750132253848e-01 8.609376669772482726e-01 8.416006623662340980e-01 8.202538567055379648e-01 8.076617941322182803e-01 8.051436774000619856e-01 8.098112838240472122e-01 8.152295575144470341e-01 8.090930170938317456e-01 7.783707807687439972e-01 7.205476861137207756e-01 6.418398326525556197e-01 5.512991339187219841e-01 4.649807801391699913e-01 3.921233507871798030e-01 3.354246953773905027e-01 2.927280361122384100e-01 2.662954056058236540e-01 2.550409184485211700e-01 2.514652629185717414e-01 2.505256280391687240e-01 2.498217384993334789e-01 2.494233229781529504e-01 2.493239730324839643e-01 2.494758352233142629e-01 2.498256670461779516e-01 2.503283842297009953e-01 2.509476596736471277e-01 2.516545008842386300e-01 2.524269433328142354e-01 2.532504526849980730e-01 2.541170748317900796e-01 2.550215209343199563e-01 2.559553567817772768e-01 2.569021257048449414e-01 2.578368393442569406e-01 2.587329559128237477e-01 2.595773562509391397e-01 2.603879207045224908e-01 2.612191967298214679e-01 2.621435764212545205e-01 2.632176369146212447e-01 2.644701366968880141e-01 2.659261793965196352e-01 2.676396173551616742e-01 2.696770886607414708e-01 2.719550184149404637e-01 2.778993176770772622e-01 2.924938382972651074e-01 3.201721638514462009e-01 3.558591628873808421e-01 3.970226194242607032e-01 4.535840363975454648e-01 5.240137676400605793e-01 5.997506580386980923e-01 6.674193068490238412e-01 7.217387373675058226e-01 7.608406281623243395e-01 7.822830163715027707e-01 7.947894715519259190e-01 7.996887818406100967e-01
7.831929023517844035e-01 7.759640444003848003e-01 7.715400786077037942e-01 7.692195686643062968e-01 7.688916699518930642e-01 7.677873219911691693e-01 7.659854074140257651e-01 7.667933861941949036e-01 7.687060451090125257e-01 7.702786675021549012e-01 7.706726383564549421e-01 7.700535036269235967e-01 7.690708999138666790e-01 7.684737820513800610e-01 7.689756948268389181e-01 7.710695910045604062e-01 7.748072993994999935e-01 7.796518373229429644e-01 7.845686464048649000e-01 7.883932837271370175e-01 7.902872436255636845e-01 7.901665185195106966e-01 7.894592937656353948e-01 7.937191569573039951e-01 8.049036646500782322e-01 8.235944935049844817e-01 8.482867205032281754e-01 8.770753721163182526e-01 9.031974842506511614e-01 9.198315183841808684e-01 9.223223474297511659e-01 9.134326324885612136e-01 9.016183094153611410e-01 8.944305123914242373e-01 8.905134606550981768e-01 8.860185268557142502e-01 8.776129555980395347e-01 8.530639713349164044e-01 8.055095571077972583e-01 7.389230325634827956e-01 6.617079650814312597e-01 5.836987770032070477e-01 5.151950896381198852e-01 4.614994768269626291e-01 4.237918607816493766e-01 4.000948539543492943e-01 3.910913505692806269e-01 3.889293431508351606e-01 3.877169569574142050e-01 3.866321888894837522e-01 3.858223868531373557e-01 3.853624726356508212e-01 3.852470290005344244e-01 3.854235611124908756e-01 3.858311814145970464e-01 3.864168286298499955e-01 3.871377540540953399e-01 3.879602973882052552e-01 3.888591093071893656e-01 3.898172170556739036e-01 3.908250464323770323e-01 3.918763032405303548e-01 3.929615746642081131e-01 3.940626988233926209e-01 3.951517170164479675e-01 3.961980379057710167e-01 3.971851166799564847e-01 3.981306461733574165e-01 3.990941119519708091e-01 4.001579812638793587e-01 4.013936825962245991e-01 4.028488832007095510e-01 4.045621370480601553e-01 4.065837799216947546e-01 4.089525512965406229e-01 4.115378393093501730e-01 4.138780447774733084e-01 4.172161029069028637e-01 4.253690421714346193e-01 4.398378252989054715e-01 4.612950208410283581e-01 4.962516809338601842e-01 5.468421130079945680e-01 6.105855344363861903e-01 6.821263620631818902e-01 7.530358327992940914e-01 8.030171288358795012e-01 8.375994350085477214e-01 8.627050852215832899e-01 8.825141147702040278e-01
8.866181214851108772e-01 8.799592266078151148e-01 8.768044144286096797e-01 8.757865617204110276e-01 8.763360388527107192e-01 8.747553013071984740e-01 8.738595070581807178e-01 8.749493660002918283e-01 8.766655198178879838e-01 8.778480300215463217e-01 8.780322467918174612e-01 8.774383775195681023e-01 8.765614809245160233e-01 8.759633083899931449e-01 8.761904280655921085e-01 8.776538708449606041e-01 8.804558590989008948e-01 8.842345726092951663e-01 8.881788883603791707e-01 8.912942913354469088e-01 8.928076880392754600e-01 8.925417670308953833e-01 8.913185363073540257e-01 8.916055000069718073e-01 8.953422580609182724e-01 9.030645323902078969e-01 9.164439479849139092e-01 9.335927113980555525e-01 9.502211243046827516e-01 9.618080947278434545e-01 9.668926333796710182e-01 9.646125146001219841e-01 9.587439984996003473e-01 9.546431279761773414e-01 9.509745875926942649e-01 9.408916312296701223e-01 9.223070290701977925e-01 8.894511987024150690e-01 8.397662204399478636e-01 7.761371257190862183e-01 7.102813866150287092e-01 6.498191225721388076e-01 5.992846677095365893e-01 5.635553129811983197e-01 5.441923073721817161e-01 5.370433686568703013e-01 5.358837544827873556e-01 5.347767600950175115e-01 5.335947793219112389e-01 5.325234218336603043e-01 5.317208291015261823e-01 5.312665455127639769e-01 5.311532641574535640e-01 5.313264213213058085e-01 5.317253085356815623e-01 5.322985195583719298e-01 5.330046332982325552e-01 5.338105917704659698e-01 5.346913504563011177e-01 5.356303369350038368e-01 5.366184817275319041e-01 5.376497543641790555e-01 5.387145379414970403e-01 5.397940681431335763e-01 5.408598526010738317e-01 5.418816276888782646e-01 5.428444346040064428e-01 5.437686609740823851e-01 5.447165032024724463e-01 5.457705045912514263e-01 5.469951757583479957e-01 5.484233075262595625e-01 5.500835221688599175e-01 5.520372155896622335e-01 5.543603215130266104e-01 5.569558859773354742e-01 5.593200779816301926e-01 5.607175371465297209e-01 5.586166433599104586e-01 5.551544934673836584e-01 5.579955712028061843e-01 5.743155070890141323e-01 6.052323377942030458e-01 6.477996361023362626e-01 7.107664186989631760e-01 7.840461186667826432e-01 8.391799953438027204e-01 8.803079410043266329e-01 9.136909072803121035e-01 9.433313173164838972e-01
9.578777797387613147e-01 9.535710984201114515e-01 9.521230810480313389e-01 9.513929181991371831e-01 9.507936144047283156e-01 9.493642072644852270e-01 9.496154074945405421e-01 9.509526414050861742e-01 9.522863379700315933e-01 9.529547518776709802e-01 9.529132649141610623e-01 9.523882598738554472e-01 9.516780182293204104e-01 9.511172075163699668e-01 9.510482275308964617e-01 9.517702826784242287e-01 9.534316524716762720e-01 9.558893193055816306e-01 9.586356839587851786e-01 9.609093114627237364e-01 9.620053478761497745e-01 9.616295123511472420e-01 9.601388424191048543e-01 9.587618499394167104e-01 9.599904857347946185e-01 9.645324943358940528e-01 9.714003770927731596e-01 9.792380950433717812e-01 9.869813674989372787e-01 9.932445443459060330e-01 9.958560357477361791e-01 9.947235604121565933e-01 9.926597320670462743e-01 9.914080466891188603e-01 9.866149786186750870e-01 9.743964762558717796e-01 9.515131837696247930e-01 9.174404311285949687e-01 8.713081217591552852e-01 8.195200917380210948e-01 7.698415259163831070e-01 7.257693798753230841e-01 6.928986243542747392e-01 6.758538262579245615e-01 6.717393829071482969e-01 6.713729685431687466e-01 6.705709391634039340e-01 6.695432895870742085e-01 6.684268125315284692e-01 6.674165095248512092e-01 6.666753505266918012e-01 6.662733802641525038e-01 6.661874809701826550e-01 6.663579052776357203e-01 6.667281960445546884e-01 6.672531930607161765e-01 6.678963101642679812e-01 6.686275399457585200e-01 6.694238218721735301e-01 6.702704298192830867e-01 6.711604924075115219e-01 6.720903882849675881e-01 6.730530378917273238e-01 6.740318436600614138e-01 6.749990931318666787e-01 6.759230827057929325e-01 6.767846725425660237e-01 6.775995602939599571e-01 6.784292673208104363e-01 6.793619086992903622e-01 6.804635453536950207e-01 6.817513256401865895e-01 6.832293614592463982e-01 6.849470334269257554e-01 6.870213777973533942e-01 6.894789992737172524e-01 6.918649993475038951e-01 6.933151843531539793e-01 6.909863158982639808e-01 6.796955184809791994e-01 6.654195204746518044e-01 6.648423189693232205e-01 6.789988236614296069e-01 7.092460185893033620e-01 7.562083448854470813e-01 8.145891394585808021e-01 8.690341048663727808e-01 9.135147018706339939e-01 9.519135419094565398e-01 9.820071974945699944e-01
9.927637910877711303e-01 9.923575371097270725e-01 9.929380280095034816e-01 9.917797830629054845e-01 9.911268325722560890e-01 9.911220777662890224e-01 9.915941528850333864e-01 9.920791509848235767e-01 9.923705803587891117e-01 9.924690230042437777e-01 9.924143221136165760e-01 9.922557811715286835e-01 9.920492312957048808e-01 9.918644192574126439e-01 9.917814775187991927e-01 9.918755225806054066e-01 9.922025063296959768e-01 9.927730644413153005e-01 9.935059221720203837e-01 9.941943595465877470e-01 9.945600878103254550e-01 9.944182182828874561e-01 9.938410284224372671e-01 9.931508204197102563e-01 9.927810516540415131e-01 9.933179268324107136e-01 9.956703395889033859e-01 9.983139783316141713e-01 9.999220478481771757e-01 1.000000000000000000e+00 1.000000000000000000e+00 1.000000000000000000e+00 9.999889825522474407e-01 9.997764749798953021e-01 9.974159127849001605e-01 9.877044107624809444e-01 9.685750462750425394e-01 9.393788446103897849e-01 9.037533952185921038e-01 8.669273537377398808e-01 8.317503309783519372e-01 8.044850443090670877e-01 7.900686207604254996e-01 7.879583896409237953e-01 7.888777874202370644e-01 7.884484080434307485e-01 7.877373190314624907e-01 7.867943775095109782e-01 7.857821909440272368e-01 7.848940303970723953e-01 7.842675612105630689e-01 7.839420327535494559e-01 7.838841687699928951e-01 7.840405833440404759e-01 7.843644605489960009e-01 7.848183554947032459e-01 7.853711524763141716e-01 7.859967777739630401e-01 7.866752868552999711e-01 7.873944279474685004e-01 7.881490104045786316e-01 7.889373385733631228e-01 7.897555881676925349e-01 7.905916750263506376e-01 7.914220971832264251e-01 7.922163256707620560e-01 7.929509874874969277e-01 7.936312073775970699e-01 7.943067336716463922e-01 7.950628636345267175e-01 7.959777339490928805e-01 7.970786965669095503e-01 7.983526686836899255e-01 7.998082402292208126e-01 8.015271625131101807e-01 8.035873024614137439e-01 8.057504503428963849e-01 8.072930575816805732e-01 8.072936702516126939e-01 7.970378178353055842e-01 7.765448687951586049e-01 7.606647550063196928e-01 7.585836856529584171e-01 7.738705596504609208e-01 8.066356714884800327e-01 8.495961066368784564e-01 8.948816203899281341e-01 9.380059781840901501e-01 9.776118123965558127e-01 9.997450095409937676e-01
